2th_deg;intensity
0.0009891614;0.4369994
0.002967484;0.8758976
0.004945807;0.9832549
0.00692413;1.293479
0.008902452;1.182787
0.01088077;1.07547
0.0128591;0.9726993
0.01483742;0.9802923
0.01681574;1.002279
0.01879407;1.169102
0.02077239;1.44961
0.02275071;1.493609
0.02472903;1.35881
0.02670736;1.181691
0.02868568;1.189154
0.030664;1.179898
0.03264232;1.226208
0.03462065;1.288549
0.03659897;1.279948
0.03857729;1.284306
0.04055562;1.455011
0.04253394;1.389406
0.04451226;1.249241
0.04649058;1.109694
0.04846891;1.321257
0.05044723;1.241949
0.05242555;1.07062
0.05440387;0.961485
0.0563822;1.016687
0.05836052;1.044981
0.06033884;1.026364
0.06231717;1.002184
0.06429549;1.016958
0.06627381;1.030288
0.06825213;1.135223
0.07023046;1.183255
0.07220878;1.257072
0.0741871;1.250647
0.07616542;1.196986
0.07814375;1.153204
0.08012207;1.156897
0.08210039;1.038558
0.08407872;1.095669
0.08605704;1.142922
0.08803536;1.110809
0.09001368;1.078745
0.09199201;1.244452
0.09397033;1.2608
0.09594865;1.23349
0.09792697;1.039134
0.0999053;1.017771
0.1018836;0.9885114
0.1038619;1.032533
0.1058403;0.9626358
0.1078186;1.000288
0.1097969;0.9374486
0.1117752;0.8960639
0.1137536;0.9552638
0.1157319;1.108377
0.1177102;1.11912
0.1196885;1.076481
0.1216668;1.053653
0.1236452;0.9860871
0.1256235;1.014941
0.1276018;1.087757
0.1295801;1.136922
0.1315585;1.133374
0.1335368;1.171112
0.1355151;1.213921
0.1374934;1.228186
0.1394718;1.210819
0.1414501;1.13498
0.1434284;1.112685
0.1454067;1.137863
0.147385;1.171685
0.1493634;1.144069
0.1513417;1.123472
0.15332;1.075434
0.1552983;1.105727
0.1572767;1.108006
0.159255;1.173596
0.1612333;1.223604
0.1632116;1.291581
0.1651899;1.22483
0.1671683;1.109798
0.1691466;1.103234
0.1711249;1.08921
0.1731032;1.074473
0.1750816;1.063958
0.1770599;1.092734
0.1790382;1.193289
0.1810165;1.220427
0.1829949;1.172884
0.1849732;1.192366
0.1869515;1.206073
0.1889298;1.18576
0.1909081;1.137721
0.1928865;1.081619
0.1948648;1.061206
0.1968431;1.057855
0.1988214;1.086751
0.2007998;1.081497
0.2027781;1.098975
0.2047564;1.104966
0.2067347;1.026373
0.208713;0.9978339
0.2106914;1.111172
0.2126697;1.120942
0.214648;1.055455
0.2166263;1.089171
0.2186047;1.155735
0.220583;1.233716
0.2225613;1.23301
0.2245396;1.254739
0.226518;1.280986
0.2284963;1.411783
0.2304746;1.474116
0.2324529;1.446093
0.2344312;1.383086
0.2364096;1.398497
0.2383879;1.499409
0.2403662;1.634569
0.2423445;1.705049
0.2443229;1.760167
0.2463012;1.84353
0.2482795;1.890987
0.2502578;1.912541
0.2522361;1.884374
0.2542145;1.934196
0.2561928;1.962241
0.2581711;2.079548
0.2601494;2.145946
0.2621278;2.151148
0.2641061;2.132052
0.2660844;2.115641
0.2680627;2.217768
0.2700411;2.322182
0.2720194;2.345838
0.2739977;2.354816
0.275976;2.37708
0.2779543;2.412086
0.2799327;2.451754
0.281911;2.537954
0.2838893;2.512497
0.2858676;2.458089
0.287846;2.449451
0.2898243;2.515388
0.2918026;2.648902
0.2937809;2.627489
0.2957592;2.645127
0.2977376;2.6292
0.2997159;2.706226
0.3016942;2.703887
0.3036725;2.742835
0.3056509;2.766924
0.3076292;2.80196
0.3096075;2.886703
0.3115858;3.037314
0.3135642;3.088979
0.3155425;3.061644
0.3175208;3.117697
0.3194991;3.085877
0.3214774;2.977813
0.3234558;2.942414
0.3254341;3.042758
0.3274124;3.144187
0.3293907;3.241975
0.3313691;3.425204
0.3333474;3.504075
0.3353257;3.547742
0.337304;3.576067
0.3392823;3.68591
0.3412607;3.802685
0.343239;4.003692
0.3452173;4.288527
0.3471956;4.525896
0.349174;4.780956
0.3511523;5.073294
0.3531306;5.378885
0.3551089;5.639145
0.3570873;5.787632
0.3590656;6.14643
0.3610439;6.547993
0.3630222;6.729784
0.3650005;6.692343
0.3669789;6.615427
0.3689572;6.679309
0.3709355;6.720244
0.3729138;6.815402
0.3748922;6.774464
0.3768705;6.826848
0.3788488;6.832862
0.3808271;6.920348
0.3828054;6.865584
0.3847838;6.768577
0.3867621;6.913221
0.3887404;7.141852
0.3907187;7.167588
0.3926971;7.091087
0.3946754;7.093805
0.3966537;7.067404
0.398632;7.048501
0.4006104;7.129773
0.4025887;7.204728
0.404567;7.269684
0.4065453;7.45981
0.4085236;7.505149
0.410502;7.601284
0.4124803;7.775854
0.4144586;7.883573
0.4164369;7.816266
0.4184153;7.852119
0.4203936;7.849992
0.4223719;8.060941
0.4243502;8.125539
0.4263285;8.194379
0.4283069;8.053745
0.4302852;8.005898
0.4322635;8.051187
0.4342418;8.128831
0.4362202;8.233353
0.4381985;8.431994
0.4401768;8.46332
0.4421551;8.426985
0.4441335;8.256136
0.4461118;8.307857
0.4480901;8.433946
0.4500684;8.494122
0.4520467;8.495122
0.4540251;8.42587
0.4560034;8.378823
0.4579817;8.35094
0.45996;8.356411
0.4619384;8.414455
0.4639167;8.3626
0.465895;8.449139
0.4678733;8.52569
0.4698516;8.65132
0.47183;8.743238
0.4738083;8.793621
0.4757866;8.727297
0.4777649;8.669173
0.4797433;8.774425
0.4817216;8.841461
0.4836999;8.832851
0.4856782;8.787978
0.4876566;8.69905
0.4896349;8.667296
0.4916132;8.784497
0.4935915;8.892575
0.4955698;8.917183
0.4975482;8.982723
0.4995265;8.95268
0.5015048;8.964293
0.5034831;8.978746
0.5054615;9.159575
0.5074398;9.229544
0.5094181;9.201138
0.5113964;9.086339
0.5133747;8.969117
0.5153531;9.195432
0.5173314;9.34164
0.5193097;9.310727
0.521288;9.214827
0.5232664;9.204874
0.5252447;9.184291
0.527223;9.07906
0.5292013;9.233483
0.5311797;9.400455
0.533158;9.450565
0.5351363;9.415422
0.5371146;9.388532
0.5390929;9.382245
0.5410713;9.437482
0.5430496;9.506682
0.5450279;9.586213
0.5470062;9.563643
0.5489846;9.544861
0.5509629;9.530706
0.5529412;9.671702
0.5549195;9.734803
0.5568978;9.651886
0.5588762;9.57186
0.5608545;9.711284
0.5628328;9.878066
0.5648111;9.915527
0.5667895;9.760107
0.5687678;9.583751
0.5707461;9.692867
0.5727244;9.787828
0.5747028;9.84592
0.5766811;9.887177
0.5786594;9.941492
0.5806377;10.00602
0.582616;9.956575
0.5845944;10.05753
0.5865727;10.12471
0.588551;10.10471
0.5905293;10.08732
0.5925077;9.997053
0.594486;10.00074
0.5964643;10.09293
0.5984426;10.10381
0.6004209;10.11613
0.6023993;10.09437
0.6043776;10.21288
0.6063559;10.19864
0.6083342;10.11017
0.6103126;10.04165
0.6122909;10.12703
0.6142692;10.27665
0.6162475;10.27912
0.6182259;10.2135
0.6202042;10.19428
0.6221825;10.22635
0.6241608;10.27035
0.6261391;10.34995
0.6281175;10.42035
0.6300958;10.42588
0.6320741;10.43542
0.6340524;10.3533
0.6360308;10.38741
0.6380091;10.44914
0.6399874;10.51609
0.6419657;10.6522
0.643944;10.77549
0.6459224;10.77464
0.6479007;10.70855
0.649879;10.62694
0.6518573;10.70193
0.6538357;10.69676
0.655814;10.68976
0.6577923;10.59653
0.6597706;10.75201
0.661749;10.84205
0.6637273;10.85493
0.6657056;10.8063
0.6676839;10.78596
0.6696622;10.78764
0.6716406;10.88706
0.6736189;10.89451
0.6755972;10.86469
0.6775755;10.91455
0.6795539;10.92169
0.6815322;10.99207
0.6835105;11.12629
0.6854888;11.20662
0.6874671;11.22296
0.6894455;11.17887
0.6914238;11.16496
0.6934021;11.20497
0.6953804;11.15782
0.6973588;11.21588
0.6993371;11.23147
0.7013154;11.33904
0.7032937;11.33305
0.7052721;11.37015
0.7072504;11.39409
0.7092287;11.50347
0.711207;11.46501
0.7131853;11.36426
0.7151637;11.36194
0.717142;11.43537
0.7191203;11.59486
0.7210986;11.66706
0.723077;11.61541
0.7250553;11.48263
0.7270336;11.56857
0.7290119;11.79664
0.7309902;11.90658
0.7329686;11.90081
0.7349469;11.75056
0.7369252;11.72939
0.7389035;11.78799
0.7408819;11.95497
0.7428602;12.04973
0.7448385;12.07834
0.7468168;11.96417
0.7487951;11.94662
0.7507735;12.00308
0.7527518;12.07679
0.7547301;12.19949
0.7567084;12.24897
0.7586868;12.19897
0.7606651;12.22479
0.7626434;12.15118
0.7646217;12.24805
0.7666001;12.26498
0.7685784;12.27851
0.7705567;12.28988
0.772535;12.3275
0.7745133;12.37286
0.7764917;12.36259
0.77847;12.41377
0.7804483;12.57725
0.7824266;12.63324
0.784405;12.62439
0.7863833;12.55141
0.7883616;12.57634
0.7903399;12.63759
0.7923182;12.80882
0.7942966;12.91546
0.7962749;13.02093
0.7982532;12.9948
0.8002315;12.97894
0.8022099;12.90579
0.8041882;12.98388
0.8061665;13.0558
0.8081448;13.09221
0.8101232;13.08933
0.8121015;13.10148
0.8140798;13.18661
0.8160581;13.29898
0.8180364;13.39257
0.8200148;13.35799
0.8219931;13.39914
0.8239714;13.41087
0.8259497;13.43523
0.8279281;13.33219
0.8299064;13.29463
0.8318847;13.43242
0.833863;13.64258
0.8358413;13.68819
0.8378197;13.73026
0.839798;13.75504
0.8417763;13.7753
0.8437546;13.81457
0.845733;13.82217
0.8477113;13.80395
0.8496896;13.90173
0.8516679;13.98322
0.8536463;13.97689
0.8556246;13.89219
0.8576029;13.91738
0.8595812;13.93256
0.8615595;13.85344
0.8635379;13.77932
0.8655162;13.90319
0.8674945;14.06106
0.8694728;14.08418
0.8714512;14.11795
0.8734295;14.07423
0.8754078;14.11661
0.8773861;14.22782
0.8793644;14.38546
0.8813428;14.40694
0.8833211;14.2817
0.8852994;14.32712
0.8872777;14.47892
0.8892561;14.57392
0.8912344;14.51819
0.8932127;14.52651
0.895191;14.56404
0.8971694;14.68683
0.8991477;14.64686
0.901126;14.66082
0.9031043;14.63519
0.9050826;14.65134
0.907061;14.72575
0.9090393;14.87292
0.9110176;14.94833
0.9129959;14.9511
0.9149743;14.94943
0.9169526;14.90413
0.9189309;14.91174
0.9209092;15.01536
0.9228875;15.13485
0.9248659;15.31344
0.9268442;15.36954
0.9288225;15.29908
0.9308008;15.34524
0.9327792;15.49208
0.9347575;15.48173
0.9367358;15.43135
0.9387141;15.46513
0.9406925;15.52828
0.9426708;15.47067
0.9446491;15.52467
0.9466274;15.57891
0.9486057;15.59832
0.9505841;15.66603
0.9525624;15.7403
0.9545407;15.81334
0.956519;15.81792
0.9584974;15.76147
0.9604757;15.89336
0.962454;16.02215
0.9644323;16.00873
0.9664106;15.95238
0.968389;16.05119
0.9703673;16.12872
0.9723456;16.17441
0.9743239;16.11692
0.9763023;16.07639
0.9782806;16.09145
0.9802589;16.10643
0.9822372;16.18694
0.9842156;16.28601
0.9861939;16.30541
0.9881722;16.38634
0.9901505;16.30016
0.9921288;16.3724
0.9941072;16.5434
0.9960855;16.65088
0.9980638;16.58566
1.000042;16.4643
1.00202;16.40887
1.003999;16.37966
1.005977;16.50056
1.007955;16.66775
1.009934;16.61897
1.011912;16.62603
1.01389;16.7172
1.015869;16.77138
1.017847;16.82909
1.019825;16.88648
1.021804;16.84388
1.023782;16.91066
1.02576;16.94419
1.027739;16.8767
1.029717;16.77262
1.031695;16.7539
1.033674;16.84583
1.035652;17.02315
1.03763;17.23803
1.039609;17.4259
1.041587;17.33776
1.043565;17.1706
1.045544;17.19278
1.047522;17.40122
1.0495;17.35089
1.051479;17.31277
1.053457;17.38068
1.055435;17.45961
1.057413;17.41706
1.059392;17.47813
1.06137;17.34618
1.063348;17.19764
1.065327;17.21729
1.067305;17.40286
1.069283;17.43092
1.071262;17.59664
1.07324;17.71122
1.075218;17.78826
1.077197;17.67444
1.079175;17.57709
1.081153;17.70162
1.083132;17.81113
1.08511;17.84129
1.087088;17.96555
1.089067;17.95701
1.091045;18.05621
1.093023;18.12001
1.095002;18.02631
1.09698;17.7415
1.098958;17.64235
1.100937;17.71724
1.102915;17.96649
1.104893;18.09684
1.106872;18.06726
1.10885;18.01255
1.110828;18.11629
1.112807;18.23835
1.114785;18.35948
1.116763;18.49898
1.118741;18.52033
1.12072;18.45367
1.122698;18.3603
1.124676;18.25826
1.126655;18.26049
1.128633;18.3834
1.130611;18.44682
1.13259;18.5857
1.134568;18.47739
1.136546;18.58216
1.138525;18.6856
1.140503;18.76267
1.142481;18.68517
1.14446;18.65565
1.146438;18.7711
1.148416;18.75836
1.150395;18.7364
1.152373;18.78733
1.154351;18.76756
1.15633;18.62077
1.158308;18.4564
1.160286;18.56001
1.162265;18.83217
1.164243;18.97676
1.166221;19.00775
1.1682;19.03768
1.170178;18.91844
1.172156;19.02539
1.174135;19.04857
1.176113;19.05766
1.178091;18.9157
1.18007;18.90721
1.182048;19.04137
1.184026;19.12832
1.186004;19.2284
1.187983;19.274
1.189961;19.41105
1.191939;19.2905
1.193918;19.26765
1.195896;19.29696
1.197874;19.43123
1.199853;19.42557
1.201831;19.33198
1.203809;19.22746
1.205788;19.31582
1.207766;19.29066
1.209744;19.36525
1.211723;19.38717
1.213701;19.39245
1.215679;19.15307
1.217658;19.16321
1.219636;19.28815
1.221614;19.43496
1.223593;19.55274
1.225571;19.50981
1.227549;19.54999
1.229528;19.76713
1.231506;19.71012
1.233484;19.57235
1.235463;19.54544
1.237441;19.69552
1.239419;19.76016
1.241398;19.81121
1.243376;19.87449
1.245354;19.86084
1.247332;19.84334
1.249311;19.8451
1.251289;19.83303
1.253267;19.82344
1.255246;19.80138
1.257224;19.81277
1.259202;19.83566
1.261181;19.88895
1.263159;19.9767
1.265137;19.96039
1.267116;19.95973
1.269094;20.09194
1.271072;20.21984
1.273051;20.26604
1.275029;20.40846
1.277007;20.60969
1.278986;20.53678
1.280964;20.49427
1.282942;20.44627
1.284921;20.46617
1.286899;20.52072
1.288877;20.6301
1.290856;20.7505
1.292834;20.80588
1.294812;20.88516
1.296791;20.74086
1.298769;20.58404
1.300747;20.67615
1.302726;20.86834
1.304704;21.00967
1.306682;20.91505
1.30866;21.04733
1.310639;21.15005
1.312617;21.17677
1.314595;21.25769
1.316574;21.27568
1.318552;21.3008
1.32053;21.23002
1.322509;21.24068
1.324487;21.31601
1.326465;21.45605
1.328444;21.44976
1.330422;21.35418
1.3324;21.3837
1.334379;21.50372
1.336357;21.47105
1.338335;21.43504
1.340314;21.52241
1.342292;21.65198
1.34427;21.76539
1.346249;21.96944
1.348227;22.03766
1.350205;21.91986
1.352184;21.81143
1.354162;21.89231
1.35614;22.07897
1.358119;22.21316
1.360097;22.25786
1.362075;22.24295
1.364054;22.21592
1.366032;22.35421
1.36801;22.48454
1.369988;22.49812
1.371967;22.36649
1.373945;22.31363
1.375923;22.41676
1.377902;22.56396
1.37988;22.69643
1.381858;22.88345
1.383837;22.8303
1.385815;22.67764
1.387793;22.63506
1.389772;22.70845
1.39175;22.89186
1.393728;22.94742
1.395707;22.97723
1.397685;23.09668
1.399663;22.92741
1.401642;22.87927
1.40362;23.06152
1.405598;23.38953
1.407577;23.59455
1.409555;23.6057
1.411533;23.77193
1.413512;23.70449
1.41549;23.66908
1.417468;23.76041
1.419447;23.9136
1.421425;24.10894
1.423403;24.12631
1.425382;24.31289
1.42736;24.20782
1.429338;24.15895
1.431316;24.17345
1.433295;24.37081
1.435273;24.46675
1.437251;24.67144
1.43923;24.69221
1.441208;24.64579
1.443186;24.5199
1.445165;24.63178
1.447143;24.79768
1.449121;24.80319
1.4511;24.85028
1.453078;24.92318
1.455056;25.10365
1.457035;25.13548
1.459013;25.13763
1.460991;25.14193
1.46297;25.22386
1.464948;25.36436
1.466926;25.4831
1.468905;25.3029
1.470883;25.21594
1.472861;25.3287
1.47484;25.43314
1.476818;25.42586
1.478796;25.34704
1.480775;25.33205
1.482753;25.54724
1.484731;25.65253
1.48671;25.67433
1.488688;25.82965
1.490666;26.03877
1.492644;26.2626
1.494623;26.37178
1.496601;26.46036
1.498579;26.4331
1.500558;26.64047
1.502536;26.78452
1.504514;26.81615
1.506493;26.90349
1.508471;27.03022
1.510449;27.30651
1.512428;27.32301
1.514406;27.42749
1.516384;27.49645
1.518363;27.54562
1.520341;27.54199
1.522319;27.66429
1.524298;27.78013
1.526276;27.81548
1.528254;28.06884
1.530233;28.18318
1.532211;28.35706
1.534189;28.35728
1.536168;28.48563
1.538146;28.62079
1.540124;28.65155
1.542103;28.68802
1.544081;28.82895
1.546059;29.02172
1.548038;29.07937
1.550016;29.09532
1.551994;29.20642
1.553972;29.36259
1.555951;29.63739
1.557929;29.74511
1.559907;29.85416
1.561886;29.82938
1.563864;29.83441
1.565842;29.96369
1.567821;30.14115
1.569799;30.42235
1.571777;30.54969
1.573756;30.73857
1.575734;30.8268
1.577712;30.95826
1.579691;30.88606
1.581669;30.90797
1.583647;30.97622
1.585626;30.94656
1.587604;31.02213
1.589582;31.31499
1.591561;31.47643
1.593539;31.57161
1.595517;31.54715
1.597496;31.78199
1.599474;31.94405
1.601452;31.89558
1.603431;32.1416
1.605409;32.42389
1.607387;32.64339
1.609366;32.65358
1.611344;32.6542
1.613322;32.79907
1.615301;33.11666
1.617279;33.35289
1.619257;33.34411
1.621235;33.46162
1.623214;33.70475
1.625192;33.75489
1.62717;33.80796
1.629149;34.04985
1.631127;34.24562
1.633105;34.35822
1.635084;34.4692
1.637062;34.87463
1.63904;35.09926
1.641019;35.08941
1.642997;35.15353
1.644975;35.2649
1.646954;35.50142
1.648932;35.78991
1.65091;35.74576
1.652889;35.80531
1.654867;35.91344
1.656845;36.18821
1.658824;36.26039
1.660802;36.48438
1.66278;36.932
1.664759;37.29634
1.666737;37.59411
1.668715;37.59927
1.670694;37.60535
1.672672;37.61881
1.67465;37.81546
1.676629;37.92704
1.678607;38.18845
1.680585;38.51543
1.682563;38.88242
1.684542;38.94749
1.68652;38.98473
1.688498;39.03725
1.690477;39.47542
1.692455;39.97301
1.694433;40.25113
1.696412;40.41973
1.69839;40.33831
1.700368;40.4371
1.702347;40.42989
1.704325;40.72003
1.706303;40.88969
1.708282;41.03949
1.71026;41.24652
1.712238;41.64967
1.714217;41.82293
1.716195;42.08503
1.718173;42.05979
1.720152;42.38494
1.72213;42.51794
1.724108;42.69148
1.726087;42.72092
1.728065;42.88341
1.730043;42.85616
1.732022;42.89334
1.734;43.09972
1.735978;43.35868
1.737957;43.64018
1.739935;43.85242
1.741913;44.2575
1.743891;44.49883
1.74587;44.68564
1.747848;44.7379
1.749826;44.96433
1.751805;44.81545
1.753783;45.05067
1.755761;45.5054
1.75774;45.64444
1.759718;45.55403
1.761696;45.59774
1.763675;45.91138
1.765653;46.35791
1.767631;46.62101
1.76961;46.64255
1.771588;46.55717
1.773566;46.58394
1.775545;46.84012
1.777523;47.16469
1.779501;47.80153
1.78148;48.04896
1.783458;48.03279
1.785436;48.07998
1.787415;48.34162
1.789393;48.60485
1.791371;48.861
1.79335;49.10177
1.795328;49.47647
1.797306;49.78444
1.799285;50.13956
1.801263;50.27971
1.803241;50.13241
1.805219;50.10603
1.807198;50.49782
1.809176;50.99463
1.811154;51.1361
1.813133;51.20539
1.815111;51.22461
1.817089;51.35093
1.819068;51.78884
1.821046;52.18329
1.823024;52.54045
1.825003;52.53833
1.826981;52.46245
1.828959;52.58242
1.830938;52.96252
1.832916;53.12215
1.834894;53.33501
1.836873;53.35825
1.838851;53.4271
1.840829;53.65393
1.842808;53.92679
1.844786;54.34204
1.846764;54.60246
1.848743;54.72339
1.850721;54.7674
1.852699;55.1489
1.854678;55.37667
1.856656;55.43135
1.858634;55.38898
1.860613;55.81758
1.862591;56.13597
1.864569;55.97201
1.866547;55.89006
1.868526;56.3468
1.870504;56.67625
1.872482;56.79159
1.874461;57.06755
1.876439;57.29564
1.878417;57.38554
1.880396;57.78101
1.882374;58.00273
1.884352;57.92244
1.886331;57.65844
1.888309;57.70015
1.890287;57.83611
1.892266;58.19311
1.894244;58.64496
1.896222;59.02326
1.898201;59.27708
1.900179;59.62585
1.902157;59.62956
1.904136;59.29774
1.906114;59.61919
1.908092;60.10809
1.910071;60.16177
1.912049;59.87095
1.914027;59.9345
1.916006;60.27543
1.917984;60.45856
1.919962;60.70527
1.921941;60.92041
1.923919;61.05409
1.925897;61.02097
1.927875;60.93254
1.929854;60.87005
1.931832;61.04253
1.93381;61.32676
1.935789;61.42123
1.937767;61.15295
1.939745;61.27315
1.941724;61.52085
1.943702;61.67017
1.94568;61.77202
1.947659;61.73919
1.949637;61.94033
1.951615;61.9142
1.953594;61.93719
1.955572;61.88007
1.95755;62.05098
1.959529;62.19866
1.961507;62.51558
1.963485;62.58276
1.965464;62.52338
1.967442;62.24996
1.96942;62.29958
1.971399;62.22456
1.973377;62.35273
1.975355;62.37465
1.977334;62.56227
1.979312;62.62185
1.98129;62.7885
1.983269;62.59755
1.985247;62.24709
1.987225;62.36167
1.989203;62.70256
1.991182;62.87135
1.99316;62.84311
1.995138;62.59504
1.997117;62.28766
1.999095;62.18088
2.001073;62.70551
2.003052;63.12772
2.00503;62.92502
2.007008;62.75965
2.008987;63.11728
2.010965;63.34945
2.012943;62.85603
2.014922;62.21728
2.0169;62.41348
2.018878;62.72468
2.020857;62.95814
2.022835;62.8629
2.024813;63.01003
2.026792;63.31306
2.02877;63.08228
2.030748;62.74191
2.032727;62.58381
2.034705;62.45694
2.036683;62.38629
2.038662;62.38994
2.04064;62.4633
2.042618;62.61011
2.044597;62.445
2.046575;62.39468
2.048553;62.23373
2.050532;61.88906
2.05251;61.99102
2.054488;61.85836
2.056466;62.05492
2.058445;62.36328
2.060423;62.42954
2.062401;61.99097
2.06438;61.78546
2.066358;61.68563
2.068336;61.54279
2.070315;61.33284
2.072293;61.11652
2.074271;61.06849
2.07625;60.80996
2.078228;60.70692
2.080206;60.78388
2.082185;60.97061
2.084163;60.64645
2.086141;60.51158
2.08812;60.5347
2.090098;60.39411
2.092076;60.07894
2.094055;59.9665
2.096033;59.80782
2.098011;59.72949
2.09999;59.71692
2.101968;59.64508
2.103946;59.53609
2.105925;59.40228
2.107903;59.45221
2.109881;59.1726
2.11186;59.05003
2.113838;59.06252
2.115816;59.02288
2.117794;58.74493
2.119773;58.69839
2.121751;58.70618
2.123729;58.77758
2.125708;58.56885
2.127686;58.08104
2.129664;57.8389
2.131643;57.75959
2.133621;57.60096
2.135599;57.3213
2.137578;56.95291
2.139556;56.86893
2.141534;56.69678
2.143513;56.71147
2.145491;56.72367
2.147469;56.22341
2.149448;55.82947
2.151426;55.769
2.153404;55.41127
2.155383;55.09576
2.157361;54.83338
2.159339;54.78321
2.161318;54.41827
2.163296;54.07727
2.165274;53.73254
2.167253;53.78189
2.169231;53.86696
2.171209;53.82764
2.173188;53.45871
2.175166;53.16941
2.177144;53.06099
2.179122;52.96675
2.181101;52.64191
2.183079;52.36291
2.185057;51.92294
2.187036;51.72835
2.189014;51.56009
2.190992;51.32343
2.192971;50.92334
2.194949;50.7317
2.196927;50.54804
2.198906;50.20779
2.200884;50.0245
2.202862;50.17267
2.204841;50.05954
2.206819;49.52607
2.208797;49.13605
2.210776;48.94205
2.212754;48.74158
2.214732;48.53596
2.216711;48.18111
2.218689;47.90892
2.220667;47.58355
2.222646;47.20499
2.224624;46.90821
2.226602;46.64525
2.228581;46.40591
2.230559;46.01995
2.232537;45.49542
2.234516;45.15547
2.236494;44.83163
2.238472;44.5983
2.24045;44.31518
2.242429;43.8414
2.244407;43.40004
2.246385;43.24789
2.248364;43.08655
2.250342;42.89772
2.25232;42.72342
2.254299;42.42717
2.256277;42.00551
2.258255;41.88138
2.260234;41.64478
2.262212;41.44039
2.26419;41.2482
2.266169;40.93723
2.268147;40.60564
2.270125;40.24818
2.272104;40.08695
2.274082;39.8944
2.27606;39.72642
2.278039;39.37252
2.280017;38.98633
2.281995;38.6805
2.283974;38.34658
2.285952;38.03331
2.28793;37.87994
2.289909;37.8077
2.291887;37.50107
2.293865;37.10869
2.295844;36.84164
2.297822;36.61249
2.2998;36.22937
2.301778;36.02377
2.303757;35.89254
2.305735;35.6521
2.307713;35.27297
2.309692;35.01099
2.31167;34.66359
2.313648;34.54882
2.315627;34.35535
2.317605;34.43727
2.319583;34.25463
2.321562;33.8772
2.32354;33.45827
2.325518;33.1694
2.327497;32.92245
2.329475;32.7565
2.331453;32.6935
2.333432;32.49389
2.33541;32.14667
2.337388;32.08485
2.339367;32.01184
2.341345;32.02188
2.343323;31.7318
2.345302;31.34631
2.34728;30.88437
2.349258;30.6908
2.351237;30.65357
2.353215;30.47415
2.355193;30.34677
2.357172;30.17582
2.35915;29.99614
2.361128;29.68152
2.363106;29.30961
2.365085;29.07707
2.367063;29.03205
2.369041;29.08299
2.37102;28.93135
2.372998;28.63871
2.374976;28.47228
2.376955;28.32434
2.378933;28.117
2.380911;27.86119
2.38289;27.72725
2.384868;27.72019
2.386846;27.62601
2.388825;27.38469
2.390803;27.2372
2.392781;27.33273
2.39476;27.32926
2.396738;27.08621
2.398716;26.73429
2.400695;26.62634
2.402673;26.45255
2.404651;26.35212
2.40663;26.27187
2.408608;26.15901
2.410586;25.93039
2.412565;25.80198
2.414543;25.71128
2.416521;25.52656
2.4185;25.39561
2.420478;25.11129
2.422456;25.00439
2.424434;24.80769
2.426413;24.66536
2.428391;24.54573
2.430369;24.53963
2.432348;24.51841
2.434326;24.43089
2.436304;24.4195
2.438283;24.36619
2.440261;24.07489
2.442239;24.00839
2.444218;23.92004
2.446196;23.81848
2.448174;23.50506
2.450153;23.32163
2.452131;23.35131
2.454109;23.40746
2.456088;23.34297
2.458066;23.06423
2.460044;22.90346
2.462023;22.78007
2.464001;22.87126
2.465979;22.79483
2.467958;22.75534
2.469936;22.71706
2.471914;22.50067
2.473893;22.26697
2.475871;22.19015
2.477849;22.16962
2.479828;22.23308
2.481806;22.14363
2.483784;22.02404
2.485762;21.79344
2.487741;21.74541
2.489719;21.73468
2.491697;21.7392
2.493676;21.71279
2.495654;21.68785
2.497632;21.55547
2.499611;21.25406
2.501589;21.09287
2.503567;20.95818
2.505546;21.05341
2.507524;21.25797
2.509502;21.42472
2.511481;21.54511
2.513459;21.71191
2.515437;22.07998
2.517416;22.43104
2.519394;22.75498
2.521372;23.3033
2.523351;24.0923
2.525329;25.2505
2.527307;27.03414
2.529286;30.59762
2.531264;40.14725
2.533242;67.60809
2.535221;129.8036
2.537199;232.3331
2.539177;350.556
2.541156;446.3973
2.543134;476.0533
2.545112;425.9297
2.547091;321.6808
2.549069;205.0898
2.551047;113.6072
2.553025;60.36531
2.555004;37.31609
2.556982;29.05182
2.55896;25.59838
2.560939;23.97987
2.562917;23.04101
2.564895;22.22641
2.566874;21.68172
2.568852;21.38416
2.57083;21.22107
2.572809;21.0295
2.574787;20.91121
2.576765;20.63955
2.578744;20.54141
2.580722;20.53686
2.5827;20.4718
2.584679;20.17873
2.586657;19.96721
2.588635;20.01344
2.590614;20.27451
2.592592;20.37353
2.59457;20.36624
2.596549;20.23887
2.598527;20.1949
2.600505;20.2274
2.602484;20.20205
2.604462;20.10852
2.60644;20.10934
2.608419;20.06713
2.610397;20.05161
2.612375;20.03464
2.614353;19.89494
2.616332;19.90626
2.61831;19.96872
2.620288;20.21085
2.622267;20.2214
2.624245;20.16523
2.626223;20.14769
2.628202;20.12798
2.63018;20.07246
2.632158;19.96351
2.634137;19.61322
2.636115;19.23458
2.638093;18.90681
2.640072;18.66729
2.64205;18.63815
2.644028;18.58546
2.646007;18.45958
2.647985;18.28236
2.649963;18.08555
2.651942;17.96789
2.65392;17.89733
2.655898;17.88747
2.657877;17.74917
2.659855;17.60936
2.661833;17.48135
2.663812;17.37012
2.66579;17.22073
2.667768;17.1258
2.669747;17.23494
2.671725;17.31174
2.673703;17.19914
2.675681;17.00041
2.67766;16.89584
2.679638;16.83664
2.681616;16.73059
2.683595;16.51595
2.685573;16.36485
2.687551;16.31581
2.68953;16.23131
2.691508;16.18333
2.693486;16.21894
2.695465;16.29041
2.697443;16.21194
2.699421;16.20413
2.7014;16.11419
2.703378;16.06083
2.705356;15.97813
2.707335;15.95702
2.709313;15.96944
2.711291;15.92241
2.71327;15.75875
2.715248;15.60161
2.717226;15.56585
2.719205;15.61653
2.721183;15.64429
2.723161;15.58877
2.72514;15.45278
2.727118;15.42454
2.729096;15.3126
2.731075;15.2562
2.733053;15.27913
2.735031;15.31814
2.737009;15.27545
2.738988;15.27474
2.740966;15.1695
2.742944;14.96436
2.744923;14.88319
2.746901;14.72362
2.748879;14.58499
2.750858;14.48793
2.752836;14.53345
2.754814;14.48212
2.756793;14.30519
2.758771;14.30328
2.760749;14.35933
2.762728;14.34546
2.764706;14.42668
2.766684;14.46653
2.768663;14.464
2.770641;14.50445
2.772619;14.48959
2.774598;14.37559
2.776576;14.25683
2.778554;14.25269
2.780533;14.25204
2.782511;14.2364
2.784489;14.06492
2.786468;14.04935
2.788446;13.9994
2.790424;13.94176
2.792403;14.09122
2.794381;13.97747
2.796359;13.80104
2.798337;13.64995
2.800316;13.7038
2.802294;13.71205
2.804272;13.80077
2.806251;13.78765
2.808229;13.76259
2.810207;13.63859
2.812186;13.55345
2.814164;13.43858
2.816142;13.36111
2.818121;13.40187
2.820099;13.49631
2.822077;13.37176
2.824056;13.30276
2.826034;13.20526
2.828012;13.1783
2.829991;13.18128
2.831969;13.17747
2.833947;13.13961
2.835926;13.11572
2.837904;13.08702
2.839882;13.05494
2.841861;13.0486
2.843839;12.95817
2.845817;12.97151
2.847796;12.92677
2.849774;12.98329
2.851752;12.96689
2.853731;12.89464
2.855709;12.7353
2.857687;12.65342
2.859665;12.61011
2.861644;12.64534
2.863622;12.70471
2.8656;12.66441
2.867579;12.66435
2.869557;12.66448
2.871535;12.70202
2.873514;12.59696
2.875492;12.53456
2.87747;12.57279
2.879449;12.58925
2.881427;12.54805
2.883405;12.57671
2.885384;12.54966
2.887362;12.43983
2.88934;12.38131
2.891319;12.50921
2.893297;12.62821
2.895275;12.66249
2.897254;12.59099
2.899232;12.5753
2.90121;12.66639
2.903189;12.70338
2.905167;12.65991
2.907145;12.6677
2.909124;12.61516
2.911102;12.69867
2.91308;12.87476
2.915059;13.13308
2.917037;13.27001
2.919015;13.67016
2.920993;14.31795
2.922972;15.52528
2.92495;19.01135
2.926928;29.05492
2.928907;48.97383
2.930885;77.74699
2.932863;108.7413
2.934842;131.5355
2.93682;137.4848
2.938798;122.6504
2.940777;94.29932
2.942755;64.31242
2.944733;39.0579
2.946712;23.84531
2.94869;17.12585
2.950668;14.77618
2.952647;13.81901
2.954625;13.30787
2.956603;12.97537
2.958582;12.76864
2.96056;12.55492
2.962538;12.43937
2.964517;12.32363
2.966495;12.13384
2.968473;11.948
2.970452;11.9597
2.97243;12.01214
2.974408;11.94812
2.976387;11.87356
2.978365;11.85986
2.980343;11.73499
2.982322;11.61343
2.9843;11.56608
2.986278;11.55367
2.988256;11.623
2.990235;11.68897
2.992213;11.66793
2.994191;11.43586
2.99617;11.25644
2.998148;11.23655
3.000126;11.22418
3.002105;11.25417
3.004083;11.34001
3.006061;11.33643
3.00804;11.0731
3.010018;10.95336
3.011996;10.84198
3.013975;10.72114
3.015953;10.52345
3.017931;10.43457
3.01991;10.28762
3.021888;10.07095
3.023866;9.968565
3.025845;10.029
3.027823;10.06959
3.029801;9.965817
3.03178;9.768756
3.033758;9.704127
3.035736;9.870295
3.037715;10.01993
3.039693;10.08993
3.041671;10.27397
3.04365;10.31229
3.045628;10.22965
3.047606;10.07973
3.049584;10.04607
3.051563;10.07392
3.053541;10.12998
3.055519;10.17265
3.057498;10.15013
3.059476;10.11563
3.061454;10.16653
3.063433;10.15939
3.065411;10.10931
3.067389;10.05634
3.069368;10.01555
3.071346;10.01311
3.073324;9.996878
3.075303;10.0433
3.077281;10.01146
3.079259;10.03483
3.081238;9.967854
3.083216;9.968907
3.085194;10.02619
3.087173;10.11028
3.089151;10.0677
3.091129;10.02014
3.093108;10.03055
3.095086;10.09973
3.097064;10.10891
3.099043;10.02992
3.101021;10.03779
3.102999;9.997177
3.104978;9.889006
3.106956;9.863262
3.108934;9.936098
3.110912;9.947705
3.112891;9.900282
3.114869;9.897223
3.116847;9.91806
3.118826;9.934603
3.120804;9.901514
3.122782;9.908669
3.124761;10.03154
3.126739;10.05234
3.128717;9.95607
3.130696;9.90928
3.132674;9.949554
3.134652;9.936493
3.136631;9.794128
3.138609;9.703449
3.140587;9.68286
3.142566;9.730811
3.144544;9.768638
3.146522;9.7101
3.148501;9.65595
3.150479;9.662747
3.152457;9.748864
3.154436;9.79813
3.156414;9.715642
3.158392;9.610145
3.160371;9.676197
3.162349;9.707271
3.164327;9.729584
3.166306;9.763492
3.168284;9.85378
3.170262;9.826752
3.17224;9.824258
3.174219;9.843039
3.176197;9.845243
3.178175;9.785448
3.180154;9.761585
3.182132;9.708589
3.18411;9.682882
3.186089;9.742625
3.188067;9.732548
3.190045;9.69451
3.192024;9.730902
3.194002;9.716711
3.19598;9.598352
3.197959;9.577303
3.199937;9.647436
3.201915;9.63216
3.203894;9.543968
3.205872;9.506288
3.20785;9.563529
3.209829;9.559356
3.211807;9.50174
3.213785;9.422304
3.215764;9.394607
3.217742;9.45774
3.21972;9.454398
3.221699;9.427788
3.223677;9.429651
3.225655;9.422165
3.227634;9.461031
3.229612;9.465417
3.23159;9.469454
3.233568;9.528731
3.235547;9.531886
3.237525;9.510522
3.239503;9.332665
3.241482;9.326506
3.24346;9.336277
3.245438;9.267036
3.247417;9.219248
3.249395;9.263298
3.251373;9.358132
3.253352;9.436165
3.25533;9.468096
3.257308;9.426531
3.259287;9.263675
3.261265;9.214447
3.263243;9.167006
3.265222;9.156966
3.2672;9.176681
3.269178;9.267696
3.271157;9.242608
3.273135;9.214299
3.275113;9.215455
3.277092;9.164214
3.27907;9.043275
3.281048;9.086663
3.283027;9.134469
3.285005;9.154921
3.286983;9.049467
3.288962;8.927371
3.29094;8.824307
3.292918;8.87975
3.294896;8.893367
3.296875;8.870827
3.298853;8.758901
3.300831;8.805749
3.30281;8.883101
3.304788;8.888739
3.306766;8.896214
3.308745;8.924775
3.310723;8.962096
3.312701;8.878873
3.31468;8.757984
3.316658;8.698699
3.318636;8.746736
3.320615;8.81193
3.322593;8.779725
3.324571;8.692667
3.32655;8.676302
3.328528;8.681077
3.330506;8.735925
3.332485;8.776182
3.334463;8.783286
3.336441;8.71707
3.33842;8.627259
3.340398;8.621727
3.342376;8.663004
3.344355;8.691097
3.346333;8.597584
3.348311;8.608323
3.35029;8.644071
3.352268;8.580338
3.354246;8.605271
3.356224;8.557587
3.358203;8.531654
3.360181;8.50154
3.362159;8.538392
3.364138;8.531426
3.366116;8.449619
3.368094;8.378084
3.370073;8.427913
3.372051;8.521013
3.374029;8.531943
3.376008;8.499574
3.377986;8.462965
3.379964;8.434837
3.381943;8.365038
3.383921;8.474519
3.385899;8.495134
3.387878;8.450228
3.389856;8.423476
3.391834;8.449107
3.393813;8.372473
3.395791;8.309058
3.397769;8.23469
3.399748;8.260088
3.401726;8.285492
3.403704;8.344852
3.405683;8.174375
3.407661;8.09937
3.409639;8.165476
3.411618;8.231224
3.413596;8.211151
3.415574;8.167579
3.417553;8.210805
3.419531;8.266087
3.421509;8.283673
3.423487;8.249713
3.425466;8.234491
3.427444;8.213915
3.429422;8.164533
3.431401;8.143142
3.433379;8.188916
3.435357;8.171911
3.437336;8.144663
3.439314;8.044286
3.441292;8.014631
3.443271;8.067642
3.445249;8.111779
3.447227;8.121731
3.449206;8.137949
3.451184;8.226171
3.453162;8.364113
3.455141;8.330188
3.457119;8.26542
3.459097;8.384854
3.461076;8.556247
3.463054;8.572158
3.465032;8.564474
3.467011;8.646042
3.468989;8.736247
3.470967;8.765135
3.472946;8.763702
3.474924;8.732201
3.476902;8.684155
3.478881;8.678556
3.480859;8.786937
3.482837;8.842155
3.484815;8.826486
3.486794;8.790618
3.488772;8.766082
3.49075;8.787615
3.492729;8.792396
3.494707;8.872734
3.496685;8.937333
3.498664;9.017135
3.500642;9.022701
3.50262;9.041361
3.504599;9.006911
3.506577;8.961545
3.508555;8.926557
3.510534;8.916979
3.512512;8.922935
3.51449;8.949939
3.516469;9.017488
3.518447;9.074883
3.520425;9.083079
3.522404;9.03241
3.524382;8.825602
3.52636;8.729286
3.528339;8.665621
3.530317;8.631312
3.532295;8.502054
3.534274;8.389956
3.536252;8.355842
3.53823;8.285007
3.540209;8.242504
3.542187;8.184033
3.544165;8.121377
3.546143;8.057302
3.548122;7.954342
3.5501;7.884265
3.552078;7.870808
3.554057;7.835559
3.556035;7.843864
3.558013;7.87698
3.559992;7.857683
3.56197;7.831235
3.563948;7.872865
3.565927;7.881321
3.567905;7.828326
3.569883;7.755446
3.571862;7.680684
3.57384;7.647968
3.575818;7.659172
3.577797;7.602945
3.579775;7.597064
3.581753;7.549847
3.583732;7.596486
3.58571;7.618337
3.587688;7.628631
3.589667;7.622887
3.591645;7.475298
3.593623;7.454959
3.595602;7.503546
3.59758;7.594263
3.599558;7.537606
3.601537;7.548095
3.603515;7.576461
3.605493;7.522683
3.607471;7.497342
3.60945;7.510479
3.611428;7.517686
3.613406;7.477402
3.615385;7.361037
3.617363;7.347871
3.619341;7.400252
3.62132;7.485629
3.623298;7.457727
3.625276;7.340659
3.627255;7.312865
3.629233;7.303116
3.631211;7.306829
3.63319;7.263159
3.635168;7.25427
3.637146;7.228952
3.639125;7.250962
3.641103;7.319186
3.643081;7.275703
3.64506;7.190924
3.647038;7.148586
3.649016;7.106106
3.650995;7.128488
3.652973;7.135071
3.654951;7.099074
3.65693;7.030793
3.658908;6.994987
3.660886;7.071317
3.662865;7.137529
3.664843;7.16177
3.666821;7.117486
3.668799;7.092289
3.670778;6.967871
3.672756;6.954476
3.674734;6.968116
3.676713;6.930051
3.678691;6.939273
3.680669;6.972283
3.682648;6.969647
3.684626;6.97983
3.686604;7.008687
3.688583;7.036293
3.690561;7.057181
3.692539;7.057991
3.694518;6.911016
3.696496;6.847148
3.698474;6.938112
3.700453;6.964194
3.702431;6.936597
3.704409;6.891392
3.706388;6.921647
3.708366;6.876023
3.710344;6.881325
3.712323;6.841385
3.714301;6.797997
3.716279;6.791164
3.718258;6.830309
3.720236;6.80894
3.722214;6.779203
3.724193;6.77287
3.726171;6.820025
3.728149;6.835196
3.730127;6.763958
3.732106;6.75538
3.734084;6.825997
3.736062;6.843163
3.738041;6.82091
3.740019;6.876602
3.741997;6.926071
3.743976;6.909497
3.745954;6.817375
3.747932;6.802907
3.749911;6.776159
3.751889;6.758006
3.753867;6.792776
3.755846;6.813791
3.757824;6.761468
3.759802;6.682809
3.761781;6.661886
3.763759;6.70344
3.765737;6.786142
3.767716;6.848726
3.769694;6.879749
3.771672;6.779583
3.773651;6.754052
3.775629;6.729174
3.777607;6.721247
3.779586;6.669558
3.781564;6.692863
3.783542;6.7433
3.785521;6.77747
3.787499;6.763252
3.789477;6.778308
3.791455;6.773534
3.793434;6.738373
3.795412;6.709857
3.79739;6.763531
3.799369;6.748108
3.801347;6.6849
3.803325;6.592248
3.805304;6.572215
3.807282;6.62051
3.80926;6.601169
3.811239;6.587504
3.813217;6.582304
3.815195;6.548375
3.817174;6.540016
3.819152;6.548165
3.82113;6.614816
3.823109;6.688499
3.825087;6.7313
3.827065;6.688883
3.829044;6.655074
3.831022;6.601843
3.833;6.584821
3.834979;6.616048
3.836957;6.544476
3.838935;6.560862
3.840914;6.633622
3.842892;6.693784
3.84487;6.680876
3.846849;6.607364
3.848827;6.614709
3.850805;6.671497
3.852783;6.717943
3.854762;6.698162
3.85674;6.686283
3.858718;6.681709
3.860697;6.705815
3.862675;6.707337
3.864653;6.703466
3.866632;6.643648
3.86861;6.625247
3.870588;6.687418
3.872567;6.726594
3.874545;6.681874
3.876523;6.646719
3.878502;6.638632
3.88048;6.679488
3.882458;6.724402
3.884437;6.748604
3.886415;6.72971
3.888393;6.708356
3.890372;6.669182
3.89235;6.644931
3.894328;6.679014
3.896307;6.751962
3.898285;6.679486
3.900263;6.626232
3.902242;6.666613
3.90422;6.736661
3.906198;6.766327
3.908177;6.762502
3.910155;6.766578
3.912133;6.722838
3.914112;6.71695
3.91609;6.677979
3.918068;6.722119
3.920046;6.775056
3.922025;6.745061
3.924003;6.785917
3.925981;6.794234
3.92796;6.771192
3.929938;6.736188
3.931916;6.753451
3.933895;6.809672
3.935873;6.773369
3.937851;6.737097
3.93983;6.677661
3.941808;6.671676
3.943786;6.636946
3.945765;6.682098
3.947743;6.730032
3.949721;6.776693
3.9517;6.807284
3.953678;6.77337
3.955656;6.790758
3.957635;6.803702
3.959613;6.785857
3.961591;6.717302
3.96357;6.723692
3.965548;6.754717
3.967526;6.769714
3.969505;6.771578
3.971483;6.739467
3.973461;6.73786
3.97544;6.751261
3.977418;6.740501
3.979396;6.710862
3.981374;6.728904
3.983353;6.723642
3.985331;6.772569
3.987309;6.764383
3.989288;6.742813
3.991266;6.763887
3.993244;6.762625
3.995223;6.746694
3.997201;6.762084
3.999179;6.818209
4.001158;6.847879
4.003136;6.834176
4.005114;6.767561
4.007093;6.758396
4.009071;6.723355
4.011049;6.759871
4.013028;6.778273
4.015006;6.821298
4.016984;6.836297
4.018963;6.733273
4.020941;6.695671
4.022919;6.741982
4.024898;6.795117
4.026876;6.841199
4.028854;6.874282
4.030833;6.888129
4.032811;6.927089
4.034789;6.897242
4.036768;6.868446
4.038746;6.854966
4.040724;6.831674
4.042702;6.786618
4.044681;6.806058
4.046659;6.815007
4.048637;6.803719
4.050616;6.671353
4.052594;6.569979
4.054572;6.445976
4.056551;6.381163
4.058529;6.302727
4.060507;6.188043
4.062486;6.277343
4.064464;6.359365
4.066442;6.467282
4.068421;6.506923
4.070399;6.585006
4.072377;6.645584
4.074356;6.686346
4.076334;6.714958
4.078312;6.759118
4.080291;6.741152
4.082269;6.682832
4.084247;6.707698
4.086226;6.765435
4.088204;6.788177
4.090182;6.774863
4.092161;6.774558
4.094139;6.756926
4.096117;6.830377
4.098096;6.917428
4.100074;6.953296
4.102052;6.976595
4.10403;7.026978
4.106009;6.995636
4.107987;6.979045
4.109965;7.055166
4.111944;7.130084
4.113922;7.236895
4.1159;7.297437
4.117879;7.438235
4.119857;7.544417
4.121835;7.720785
4.123814;7.804284
4.125792;8.010471
4.12777;8.305057
4.129749;8.633141
4.131727;9.040769
4.133705;9.677686
4.135684;10.67448
4.137662;12.49667
4.13964;17.02102
4.141619;29.29916
4.143597;55.71309
4.145575;97.69028
4.147554;148.8592
4.149532;196.4118
4.15151;229.4669
4.153489;241.7672
4.155467;229.623
4.157445;195.7039
4.159424;147.7695
4.161402;98.38171
4.16338;57.60556
4.165358;31.12866
4.167337;18.30265
4.169315;13.08167
4.171293;10.90416
4.173272;9.794641
4.17525;9.21019
4.177228;8.819065
4.179207;8.461697
4.181185;8.14384
4.183163;7.945309
4.185142;7.779191
4.18712;7.600969
4.189098;7.447276
4.191077;7.377108
4.193055;7.398133
4.195033;7.326672
4.197012;7.200852
4.19899;7.169204
4.200968;7.135068
4.202947;7.063635
4.204925;7.043095
4.206903;7.03219
4.208882;6.989631
4.21086;6.956245
4.212838;6.999322
4.214817;6.973443
4.216795;6.994514
4.218773;6.951967
4.220752;6.920087
4.22273;6.87027
4.224708;6.847874
4.226686;6.802778
4.228665;6.78651
4.230643;6.871048
4.232621;6.893595
4.2346;6.892179
4.236578;6.90034
4.238556;6.870175
4.240535;6.840658
4.242513;6.838585
4.244491;6.812159
4.24647;6.808409
4.248448;6.784601
4.250426;6.783875
4.252405;6.708205
4.254383;6.661627
4.256361;6.674536
4.25834;6.704158
4.260318;6.640167
4.262296;6.585227
4.264275;6.613868
4.266253;6.643926
4.268231;6.676307
4.27021;6.591906
4.272188;6.501464
4.274166;6.499291
4.276145;6.583224
4.278123;6.57401
4.280101;6.568288
4.28208;6.539232
4.284058;6.52523
4.286036;6.539876
4.288014;6.597247
4.289993;6.5334
4.291971;6.488265
4.293949;6.481778
4.295928;6.544839
4.297906;6.602616
4.299884;6.577093
4.301863;6.529831
4.303841;6.492309
4.305819;6.42725
4.307798;6.38461
4.309776;6.366861
4.311754;6.361043
4.313733;6.309013
4.315711;6.298593
4.317689;6.319935
4.319668;6.311275
4.321646;6.314342
4.323624;6.32655
4.325603;6.351722
4.327581;6.358024
4.329559;6.340857
4.331538;6.348766
4.333516;6.344869
4.335494;6.398869
4.337473;6.419005
4.339451;6.461182
4.341429;6.565087
4.343408;6.643357
4.345386;6.65287
4.347364;6.675963
4.349343;6.707712
4.351321;6.724578
4.353299;6.696496
4.355277;6.777058
4.357256;6.856471
4.359234;6.938319
4.361212;6.980261
4.363191;6.977689
4.365169;6.961311
4.367147;6.926849
4.369126;6.929947
4.371104;6.968252
4.373082;7.082697
4.375061;7.016547
4.377039;6.94898
4.379017;6.987522
4.380996;7.073155
4.382974;7.071456
4.384952;7.146558
4.386931;7.121501
4.388909;7.145774
4.390887;7.203537
4.392866;7.284265
4.394844;7.313413
4.396822;7.312071
4.398801;7.281936
4.400779;7.348287
4.402757;7.380362
4.404736;7.360614
4.406714;7.341784
4.408692;7.354948
4.410671;7.270933
4.412649;7.145189
4.414627;7.126929
4.416605;7.148211
4.418584;7.151906
4.420562;7.092131
4.42254;6.976285
4.424519;6.875486
4.426497;6.938673
4.428475;7.017357
4.430454;6.986457
4.432432;6.913046
4.43441;6.860676
4.436389;6.831467
4.438367;6.840474
4.440345;6.78908
4.442324;6.758968
4.444302;6.67358
4.44628;6.674034
4.448259;6.689223
4.450237;6.686579
4.452215;6.638446
4.454194;6.652007
4.456172;6.671297
4.45815;6.638978
4.460129;6.663873
4.462107;6.64792
4.464085;6.665166
4.466064;6.626235
4.468042;6.631667
4.47002;6.632208
4.471999;6.636288
4.473977;6.624067
4.475955;6.623402
4.477933;6.578434
4.479912;6.591414
4.48189;6.612279
4.483868;6.658685
4.485847;6.62816
4.487825;6.546374
4.489803;6.491663
4.491782;6.47177
4.49376;6.523543
4.495738;6.555982
4.497717;6.573925
4.499695;6.542903
4.501673;6.572913
4.503652;6.556539
4.50563;6.525616
4.507608;6.525279
4.509587;6.538606
4.511565;6.554639
4.513543;6.531873
4.515522;6.491829
4.5175;6.425046
4.519478;6.383493
4.521457;6.403151
4.523435;6.398574
4.525413;6.410645
4.527392;6.399662
4.52937;6.435318
4.531348;6.391168
4.533327;6.340372
4.535305;6.335941
4.537283;6.36366
4.539261;6.330857
4.54124;6.338212
4.543218;6.339237
4.545196;6.346625
4.547175;6.291392
4.549153;6.294378
4.551131;6.293369
4.55311;6.349791
4.555088;6.356239
4.557066;6.362922
4.559045;6.372985
4.561023;6.316702
4.563001;6.195446
4.56498;6.117864
4.566958;6.077064
4.568936;6.074282
4.570915;6.071114
4.572893;6.104475
4.574871;6.129005
4.57685;6.145464
4.578828;6.219333
4.580806;6.237459
4.582785;6.159358
4.584763;6.108593
4.586741;6.14435
4.58872;6.188249
4.590698;6.207928
4.592676;6.167339
4.594655;6.150906
4.596633;6.17433
4.598611;6.213893
4.600589;6.175364
4.602568;6.160669
4.604546;6.160557
4.606524;6.115636
4.608503;6.12226
4.610481;6.117511
4.612459;6.078942
4.614438;6.05864
4.616416;6.099616
4.618394;6.132922
4.620373;6.13704
4.622351;6.135441
4.624329;6.099893
4.626308;6.093956
4.628286;6.124001
4.630264;6.12502
4.632243;6.130229
4.634221;6.134731
4.636199;6.142676
4.638178;6.119778
4.640156;6.167467
4.642134;6.196159
4.644113;6.166543
4.646091;6.166642
4.648069;6.122399
4.650048;6.131464
4.652026;6.09093
4.654004;6.078095
4.655983;6.087304
4.657961;6.11097
4.659939;6.13615
4.661917;6.113976
4.663896;6.078186
4.665874;6.048427
4.667852;6.03142
4.669831;6.057461
4.671809;6.135581
4.673787;6.194132
4.675766;6.224806
4.677744;6.194709
4.679722;6.155085
4.681701;6.216432
4.683679;6.249564
4.685657;6.201496
4.687636;6.145242
4.689614;6.169595
4.691592;6.190031
4.693571;6.207555
4.695549;6.14898
4.697527;6.082117
4.699506;6.032165
4.701484;6.062453
4.703462;6.19114
4.705441;6.251315
4.707419;6.267561
4.709397;6.198723
4.711376;6.158897
4.713354;6.203201
4.715332;6.245065
4.717311;6.170025
4.719289;6.096148
4.721267;6.114132
4.723245;6.165031
4.725224;6.150975
4.727202;6.181358
4.72918;6.217055
4.731159;6.163759
4.733137;6.18954
4.735115;6.247683
4.737094;6.251335
4.739072;6.289196
4.74105;6.261014
4.743029;6.270836
4.745007;6.264463
4.746985;6.175752
4.748964;6.088269
4.750942;6.078104
4.75292;6.078058
4.754899;6.138925
4.756877;6.179386
4.758855;6.175192
4.760834;6.13663
4.762812;6.147206
4.76479;6.231288
4.766769;6.259174
4.768747;6.241162
4.770725;6.221744
4.772704;6.220581
4.774682;6.251848
4.77666;6.248147
4.778639;6.283702
4.780617;6.304086
4.782595;6.339711
4.784574;6.307436
4.786552;6.261786
4.78853;6.246661
4.790508;6.257822
4.792487;6.25021
4.794465;6.238231
4.796443;6.287746
4.798422;6.361303
4.8004;6.354108
4.802378;6.326868
4.804357;6.361221
4.806335;6.413185
4.808313;6.411791
4.810292;6.368035
4.81227;6.396559
4.814248;6.397656
4.816227;6.358441
4.818205;6.29653
4.820183;6.224354
4.822162;6.183972
4.82414;6.206691
4.826118;6.323536
4.828097;6.473936
4.830075;6.566331
4.832053;6.648109
4.834032;6.744173
4.83601;6.837484
4.837988;6.8597
4.839967;6.95617
4.841945;7.172412
4.843923;7.430369
4.845902;7.661953
4.84788;7.989842
4.849858;8.479071
4.851836;9.321757
4.853815;10.92915
4.855793;14.66779
4.857771;24.2453
4.85975;44.28711
4.861728;74.82307
4.863706;111.7309
4.865685;146.3337
4.867663;171.6267
4.869641;184.6108
4.87162;183.6385
4.873598;169.4087
4.875576;142.8602
4.877555;108.1999
4.879533;72.57174
4.881511;43.27666
4.88349;24.44527
4.885468;14.97537
4.887446;11.08844
4.889425;9.506125
4.891403;8.670751
4.893381;8.128435
4.89536;7.739507
4.897338;7.432696
4.899316;7.203786
4.901295;7.010128
4.903273;6.858537
4.905251;6.759457
4.90723;6.688649
4.909208;6.619966
4.911186;6.588085
4.913164;6.587625
4.915143;6.537184
4.917121;6.497257
4.919099;6.430133
4.921078;6.480224
4.923056;6.485715
4.925034;6.433715
4.927013;6.342514
4.928991;6.326245
4.930969;6.350481
4.932948;6.366002
4.934926;6.345702
4.936904;6.29642
4.938883;6.270734
4.940861;6.277527
4.942839;6.315226
4.944818;6.266586
4.946796;6.21574
4.948774;6.22547
4.950753;6.23495
4.952731;6.25655
4.954709;6.271121
4.956688;6.16913
4.958666;6.107131
4.960644;6.160684
4.962623;6.179834
4.964601;6.1999
4.966579;6.168684
4.968558;6.143537
4.970536;6.138097
4.972514;6.151695
4.974492;6.14058
4.976471;6.132879
4.978449;6.150431
4.980427;6.106959
4.982406;6.102988
4.984384;6.093094
4.986362;6.072724
4.988341;6.053885
4.990319;6.048939
4.992297;6.060928
4.994276;6.067526
4.996254;6.053403
4.998232;6.039743
5.000211;6.03315
5.002189;6.01859
5.004167;6.024228
5.006146;6.052053
5.008124;6.068367
5.010102;6.082656
5.012081;6.100506
5.014059;6.106979
5.016037;6.069923
5.018016;6.058206
5.019994;6.049675
5.021972;6.072001
5.023951;6.121639
5.025929;6.153947
5.027907;6.128296
5.029886;6.089172
5.031864;6.049873
5.033842;6.036593
5.03582;6.03191
5.037799;6.007375
5.039777;6.051529
5.041755;6.100205
5.043734;6.129903
5.045712;6.140077
5.04769;6.156949
5.049669;6.165725
5.051647;6.174364
5.053625;6.169138
5.055604;6.134264
5.057582;6.077165
5.05956;6.116238
5.061539;6.207808
5.063517;6.308658
5.065495;6.430172
5.067474;6.569903
5.069452;6.873024
5.07143;7.447864
5.073409;8.664929
5.075387;11.57979
5.077365;16.57651
5.079344;22.99858
5.081322;29.47086
5.0833;34.5502
5.085279;37.5537
5.087257;38.28782
5.089235;37.01859
5.091214;33.69423
5.093192;28.09845
5.09517;21.57805
5.097148;15.05258
5.099127;10.30001
5.101105;7.505766
5.103083;6.181097
5.105062;5.611468
5.10704;5.290338
5.109018;5.104029
5.110997;4.975836
5.112975;4.798511
5.114953;4.684936
5.116932;4.631789
5.11891;4.639824
5.120888;4.533179
5.122867;4.394132
5.124845;4.393676
5.126823;4.37538
5.128802;4.270381
5.13078;4.136978
5.132758;4.07602
5.134737;4.049153
5.136715;4.073173
5.138693;4.032769
5.140672;4.019135
5.14265;3.972927
5.144628;3.964162
5.146607;3.932705
5.148585;3.90405
5.150563;3.85087
5.152542;3.816984
5.15452;3.76971
5.156498;3.727364
5.158476;3.706782
5.160455;3.707348
5.162433;3.657079
5.164411;3.640749
5.16639;3.588488
5.168368;3.605968
5.170346;3.564601
5.172325;3.613901
5.174303;3.57204
5.176281;3.554852
5.17826;3.528913
5.180238;3.506902
5.182216;3.458972
5.184195;3.47204
5.186173;3.478178
5.188151;3.455423
5.19013;3.457004
5.192108;3.418148
5.194086;3.4009
5.196065;3.382167
5.198043;3.375829
5.200021;3.363802
5.202;3.338483
5.203978;3.305234
5.205956;3.298037
5.207935;3.29446
5.209913;3.265604
5.211891;3.264528
5.21387;3.252191
5.215848;3.220697
5.217826;3.209666
5.219805;3.247582
5.221783;3.249956
5.223761;3.225594
5.225739;3.220166
5.227718;3.256667
5.229696;3.299789
5.231674;3.300647
5.233653;3.238859
5.235631;3.178706
5.237609;3.202945
5.239588;3.260259
5.241566;3.29316
5.243544;3.288903
5.245523;3.277473
5.247501;3.270065
5.249479;3.251128
5.251458;3.244116
5.253436;3.251638
5.255414;3.243722
5.257393;3.216573
5.259371;3.17849
5.261349;3.170959
5.263328;3.149211
5.265306;3.136476
5.267284;3.104985
5.269263;3.152801
5.271241;3.165406
5.273219;3.184672
5.275198;3.12492
5.277176;3.115401
5.279154;3.089061
5.281133;3.150137
5.283111;3.105598
5.285089;3.056977
5.287067;3.03287
5.289046;3.09385
5.291024;3.116077
5.293002;3.090036
5.294981;3.050159
5.296959;2.987522
5.298937;2.928301
5.300916;2.871589
5.302894;2.863127
5.304872;2.861472
5.306851;2.836999
5.308829;2.83485
5.310807;2.828918
5.312786;2.82506
5.314764;2.800784
5.316742;2.778048
5.318721;2.742201
5.320699;2.662358
5.322677;2.648789
5.324656;2.67545
5.326634;2.684323
5.328612;2.644826
5.330591;2.605361
5.332569;2.59641
5.334547;2.574202
5.336526;2.585614
5.338504;2.558249
5.340482;2.535634
5.342461;2.472841
5.344439;2.470609
5.346417;2.479861
5.348395;2.491454
5.350374;2.489465
5.352352;2.456864
5.35433;2.458166
5.356309;2.472373
5.358287;2.516715
5.360265;2.489675
5.362244;2.46761
5.364222;2.412592
5.3662;2.431563
5.368179;2.433097
5.370157;2.41513
5.372135;2.370291
5.374114;2.351243
5.376092;2.340294
5.37807;2.355496
5.380049;2.317049
5.382027;2.279994
5.384005;2.281413
5.385984;2.27619
5.387962;2.267992
5.38994;2.217085
5.391919;2.192556
5.393897;2.178987
5.395875;2.18039
5.397854;2.187873
5.399832;2.176124
5.40181;2.151633
5.403789;2.130797
5.405767;2.125343
5.407745;2.108255
5.409723;2.108383
5.411702;2.096298
5.41368;2.112591
5.415658;2.086623
5.417637;2.066694
5.419615;2.038992
5.421593;2.042984
5.423572;2.048459
5.42555;2.019057
5.427528;1.980517
5.429507;1.959082
5.431485;1.956457
5.433463;1.951557
5.435442;1.9392
5.43742;1.930438
5.439398;1.897661
5.441377;1.898264
5.443355;1.921821
5.445333;1.919333
5.447312;1.871228
5.44929;1.848703
5.451268;1.852809
5.453247;1.878883
5.455225;1.879247
5.457203;1.840181
5.459182;1.850204
5.46116;1.831109
5.463138;1.772181
5.465117;1.70252
5.467095;1.704327
5.469073;1.73929
5.471051;1.783656
5.47303;1.747128
5.475008;1.707343
5.476986;1.674257
5.478965;1.66312
5.480943;1.656055
5.482921;1.643979
5.4849;1.644118
5.486878;1.640283
5.488856;1.638325
5.490835;1.610109
5.492813;1.589898
5.494791;1.558057
5.49677;1.551525
5.498748;1.553879
5.500726;1.555136
5.502705;1.560174
5.504683;1.542161
5.506661;1.544222
5.50864;1.517671
5.510618;1.478681
5.512596;1.469369
5.514575;1.439434
5.516553;1.451452
5.518531;1.436313
5.52051;1.465142
5.522488;1.450261
5.524466;1.441062
5.526445;1.422379
5.528423;1.426434
5.530401;1.402909
5.532379;1.391127
5.534358;1.397118
5.536336;1.396023
5.538314;1.391285
5.540293;1.382208
5.542271;1.367519
5.544249;1.370123
5.546228;1.384773
5.548206;1.401135
5.550184;1.415225
5.552163;1.40405
5.554141;1.389687
5.556119;1.351624
5.558098;1.319678
5.560076;1.312982
5.562054;1.337472
5.564033;1.359807
5.566011;1.37515
5.567989;1.363859
5.569968;1.371341
5.571946;1.354287
5.573924;1.3837
5.575903;1.385065
5.577881;1.384457
5.579859;1.351778
5.581838;1.341084
5.583816;1.357048
5.585794;1.356381
5.587773;1.365631
5.589751;1.403884
5.591729;1.423714
5.593707;1.390917
5.595686;1.354139
5.597664;1.332503
5.599642;1.344017
5.601621;1.343165
5.603599;1.338621
5.605577;1.343884
5.607556;1.349871
5.609534;1.352448
5.611512;1.325727
5.613491;1.327972
5.615469;1.341571
5.617447;1.336295
5.619426;1.299239
5.621404;1.28999
5.623382;1.31392
5.625361;1.345603
5.627339;1.341391
5.629317;1.298973
5.631296;1.296714
5.633274;1.318799
5.635252;1.339414
5.637231;1.325743
5.639209;1.31893
5.641187;1.310288
5.643166;1.297098
5.645144;1.329423
5.647122;1.342089
5.649101;1.341517
5.651079;1.316571
5.653057;1.322928
5.655035;1.344482
5.657014;1.357662
5.658992;1.355753
5.66097;1.351146
5.662949;1.353483
5.664927;1.345431
5.666905;1.389483
5.668884;1.384667
5.670862;1.377492
5.67284;1.358894
5.674819;1.35548
5.676797;1.356882
5.678775;1.362739
5.680754;1.384316
5.682732;1.362
5.68471;1.33895
5.686689;1.332688
5.688667;1.333428
5.690645;1.320206
5.692624;1.316479
5.694602;1.313841
5.69658;1.304346
5.698559;1.295227
5.700537;1.327421
5.702515;1.336951
5.704494;1.327946
5.706472;1.30589
5.70845;1.300276
5.710429;1.299103
5.712407;1.303564
5.714385;1.309682
5.716364;1.30735
5.718342;1.317964
5.72032;1.360941
5.722298;1.384964
5.724277;1.347842
5.726255;1.304095
5.728233;1.284837
5.730212;1.292437
5.73219;1.293818
5.734168;1.306411
5.736147;1.32507
5.738125;1.323745
5.740103;1.344598
5.742082;1.36162
5.74406;1.361333
5.746038;1.351928
5.748017;1.363389
5.749995;1.366504
5.751973;1.367348
5.753952;1.321456
5.75593;1.313176
5.757908;1.324612
5.759887;1.343755
5.761865;1.359851
5.763843;1.355703
5.765822;1.363827
5.7678;1.367946
5.769778;1.355583
5.771757;1.350759
5.773735;1.359484
5.775713;1.342096
5.777692;1.334185
5.77967;1.36319
5.781648;1.371801
5.783626;1.363166
5.785605;1.348687
5.787583;1.358755
5.789561;1.391361
5.79154;1.415138
5.793518;1.423609
5.795496;1.396053
5.797475;1.399824
5.799453;1.405367
5.801431;1.401835
5.80341;1.377464
5.805388;1.383227
5.807366;1.378185
5.809345;1.363646
5.811323;1.367637
5.813301;1.402495
5.81528;1.443245
5.817258;1.442245
5.819236;1.433325
5.821215;1.424122
5.823193;1.451522
5.825171;1.433274
5.82715;1.430222
5.829128;1.42211
5.831106;1.427689
5.833085;1.446219
5.835063;1.469079
5.837041;1.491623
5.83902;1.489474
5.840998;1.504723
5.842976;1.537936
5.844954;1.592086
5.846933;1.652057
5.848911;1.701061
5.850889;1.771445
5.852868;1.894269
5.854846;2.100874
5.856824;2.596174
5.858803;3.762577
5.860781;6.159171
5.862759;10.06475
5.864738;15.58444
5.866716;21.01383
5.868694;26.02939
5.870673;29.43831
5.872651;31.01799
5.874629;31.22954
5.876608;30.20197
5.878586;27.88754
5.880564;23.5601
5.882543;18.16996
5.884521;12.71504
5.886499;8.131112
5.888478;4.974318
5.890456;3.212495
5.892434;2.376223
5.894413;2.005751
5.896391;1.837361
5.898369;1.752122
5.900348;1.682633
5.902326;1.677574
5.904304;1.654002
5.906282;1.628329
5.908261;1.588927
5.910239;1.584214
5.912217;1.556419
5.914196;1.50717
5.916174;1.471224
5.918152;1.468926
5.920131;1.50029
5.922109;1.528276
5.924087;1.51948
5.926066;1.500998
5.928044;1.479507
5.930022;1.455237
5.932001;1.443694
5.933979;1.442431
5.935957;1.463223
5.937936;1.494519
5.939914;1.467524
5.941892;1.464821
5.943871;1.443068
5.945849;1.439598
5.947827;1.405613
5.949806;1.394032
5.951784;1.362272
5.953762;1.370095
5.955741;1.372102
5.957719;1.374221
5.959697;1.394903
5.961676;1.438603
5.963654;1.477826
5.965632;1.462031
5.96761;1.435129
5.969589;1.404757
5.971567;1.406595
5.973545;1.44512
5.975524;1.448335
5.977502;1.42084
5.97948;1.403686
5.981459;1.398786
5.983437;1.394313
5.985415;1.406295
5.987394;1.387836
5.989372;1.378976
5.99135;1.390433
5.993329;1.424757
5.995307;1.415411
5.997285;1.387836
5.999264;1.373694
6.001242;1.374281
6.00322;1.401111
6.005199;1.41959
6.007177;1.407311
6.009155;1.39508
6.011134;1.400697
6.013112;1.365503
6.01509;1.348859
6.017069;1.358184
6.019047;1.378489
6.021025;1.374835
6.023004;1.378874
6.024982;1.382833
6.02696;1.388326
6.028938;1.408626
6.030917;1.420356
6.032895;1.416384
6.034873;1.383468
6.036852;1.373212
6.03883;1.353155
6.040808;1.350778
6.042787;1.376242
6.044765;1.360755
6.046743;1.346792
6.048722;1.350151
6.0507;1.364527
6.052678;1.367239
6.054657;1.355538
6.056635;1.362197
6.058613;1.365926
6.060592;1.395182
6.06257;1.408273
6.064548;1.375718
6.066527;1.364082
6.068505;1.375636
6.070483;1.395418
6.072462;1.396317
6.07444;1.419343
6.076418;1.444391
6.078397;1.438422
6.080375;1.397489
6.082353;1.353884
6.084332;1.333297
6.08631;1.354878
6.088288;1.419178
6.090266;1.441929
6.092245;1.436275
6.094223;1.42821
6.096201;1.419318
6.09818;1.416427
6.100158;1.42554
6.102136;1.446012
6.104115;1.460731
6.106093;1.465446
6.108071;1.448022
6.11005;1.439251
6.112028;1.445335
6.114006;1.434904
6.115985;1.419104
6.117963;1.424398
6.119941;1.435951
6.12192;1.441817
6.123898;1.425607
6.125876;1.400709
6.127855;1.381026
6.129833;1.391612
6.131811;1.383014
6.13379;1.407661
6.135768;1.400073
6.137746;1.390204
6.139725;1.385479
6.141703;1.392142
6.143681;1.407646
6.14566;1.414186
6.147638;1.382074
6.149616;1.368384
6.151595;1.337407
6.153573;1.320266
6.155551;1.313537
6.157529;1.328576
6.159508;1.368599
6.161486;1.398113
6.163464;1.419009
6.165443;1.401682
6.167421;1.402154
6.169399;1.396158
6.171378;1.411292
6.173356;1.389222
6.175334;1.379138
6.177313;1.351195
6.179291;1.359705
6.181269;1.394057
6.183248;1.404259
6.185226;1.38062
6.187204;1.37858
6.189183;1.39145
6.191161;1.396761
6.193139;1.379524
6.195118;1.354095
6.197096;1.358373
6.199074;1.367113
6.201053;1.397793
6.203031;1.375112
6.205009;1.362904
6.206988;1.37687
6.208966;1.414582
6.210944;1.406689
6.212923;1.40813
6.214901;1.425707
6.216879;1.42774
6.218857;1.415044
6.220836;1.390486
6.222814;1.395479
6.224792;1.391488
6.226771;1.414732
6.228749;1.437834
6.230727;1.43813
6.232706;1.423766
6.234684;1.402851
6.236662;1.394987
6.238641;1.378824
6.240619;1.369145
6.242597;1.363856
6.244576;1.386789
6.246554;1.395459
6.248532;1.398592
6.250511;1.431772
6.252489;1.426062
6.254467;1.427721
6.256446;1.403258
6.258424;1.368045
6.260402;1.349506
6.262381;1.356225
6.264359;1.379001
6.266337;1.417385
6.268316;1.447685
6.270294;1.43957
6.272272;1.438749
6.274251;1.39766
6.276229;1.439304
6.278207;1.414638
6.280185;1.423373
6.282164;1.354991
6.284142;1.380823
6.28612;1.400744
6.288099;1.426201
6.290077;1.416522
6.292055;1.415196
6.294034;1.422972
6.296012;1.430669
6.29799;1.468849
6.299969;1.486955
6.301947;1.483623
6.303925;1.474999
6.305904;1.509042
6.307882;1.514741
6.30986;1.538743
6.311839;1.533798
6.313817;1.517129
6.315795;1.507425
6.317774;1.527001
6.319752;1.509502
6.32173;1.484824
6.323709;1.467775
6.325687;1.487024
6.327665;1.537666
6.329644;1.523595
6.331622;1.490882
6.3336;1.491916
6.335579;1.522581
6.337557;1.548199
6.339535;1.515397
6.341513;1.494998
6.343492;1.473922
6.34547;1.519793
6.347448;1.577082
6.349427;1.628548
6.351405;1.643867
6.353383;1.645533
6.355362;1.671861
6.35734;1.692114
6.359318;1.726339
6.361297;1.741948
6.363275;1.749846
6.365253;1.718387
6.367232;1.773718
6.36921;1.834655
6.371188;1.921236
6.373167;1.98681
6.375145;2.080089
6.377123;2.284615
6.379102;2.4767
6.38108;2.759848
6.383058;3.215793
6.385037;4.362582
6.387015;7.018055
6.388993;12.39535
6.390972;21.65737
6.39295;32.62515
6.394928;43.73696
6.396907;52.69676
6.398885;58.63882
6.400863;61.74633
6.402841;62.62945
6.40482;61.95389
6.406798;58.88813
6.408776;52.19946
6.410755;42.35455
6.412733;30.94678
6.414711;20.13623
6.41669;12.08014
6.418668;7.070566
6.420646;4.451318
6.422625;3.285589
6.424603;2.796239
6.426581;2.486415
6.42856;2.319268
6.430538;2.175797
6.432516;2.096389
6.434495;2.001683
6.436473;1.944643
6.438451;1.923797
6.44043;1.886141
6.442408;1.79775
6.444386;1.72424
6.446365;1.717026
6.448343;1.746265
6.450321;1.750168
6.4523;1.72997
6.454278;1.691782
6.456256;1.668323
6.458235;1.652149
6.460213;1.658431
6.462191;1.643916
6.464169;1.659593
6.466148;1.625612
6.468126;1.59649
6.470104;1.524834
6.472083;1.548607
6.474061;1.556368
6.476039;1.586645
6.478018;1.633973
6.479996;1.628942
6.481974;1.616645
6.483953;1.560949
6.485931;1.500935
6.487909;1.483458
6.489888;1.502575
6.491866;1.533614
6.493844;1.56471
6.495823;1.58234
6.497801;1.598682
6.499779;1.579738
6.501758;1.566365
6.503736;1.568078
6.505714;1.515269
6.507693;1.519201
6.509671;1.542916
6.511649;1.591031
6.513628;1.571556
6.515606;1.524799
6.517584;1.52255
6.519563;1.541902
6.521541;1.542528
6.523519;1.564213
6.525497;1.654065
6.527476;1.719306
6.529454;1.734742
6.531432;1.705044
6.533411;1.711021
6.535389;1.724667
6.537367;1.794985
6.539346;1.864774
6.541324;1.870375
6.543302;1.944151
6.545281;2.045391
6.547259;2.23959
6.549237;2.457399
6.551216;3.128203
6.553194;4.693913
6.555172;8.070636
6.557151;13.47466
6.559129;20.55691
6.561107;27.82199
6.563086;33.48512
6.565064;37.22942
6.567042;39.3725
6.569021;40.19497
6.570999;40.25624
6.572977;38.52145
6.574956;34.7976
6.576934;28.9985
6.578912;21.86935
6.580891;15.01826
6.582869;9.27591
6.584847;5.489376
6.586826;3.556258
6.588804;2.656087
6.590782;2.283112
6.59276;2.064862
6.594739;1.93355
6.596717;1.834839
6.598695;1.770047
6.600674;1.691712
6.602652;1.645147
6.60463;1.677137
6.606609;1.689941
6.608587;1.653543
6.610565;1.574448
6.612544;1.543299
6.614522;1.509303
6.6165;1.480674
6.618479;1.465539
6.620457;1.46664
6.622435;1.474314
6.624414;1.461655
6.626392;1.474758
6.62837;1.475053
6.630349;1.49657
6.632327;1.498966
6.634305;1.541592
6.636284;1.531338
6.638262;1.500586
6.64024;1.450639
6.642219;1.454359
6.644197;1.493742
6.646175;1.512016
6.648154;1.485685
6.650132;1.423439
6.65211;1.409156
6.654088;1.417956
6.656067;1.450009
6.658045;1.469685
6.660023;1.481282
6.662002;1.503732
6.66398;1.487246
6.665958;1.491362
6.667937;1.471887
6.669915;1.449673
6.671893;1.432987
6.673872;1.399963
6.67585;1.410502
6.677828;1.438493
6.679807;1.464266
6.681785;1.452076
6.683763;1.415915
6.685742;1.371532
6.68772;1.392265
6.689698;1.356994
6.691677;1.400425
6.693655;1.386411
6.695633;1.40688
6.697612;1.383783
6.69959;1.376094
6.701568;1.40093
6.703547;1.403366
6.705525;1.395184
6.707503;1.412135
6.709482;1.414368
6.71146;1.397222
6.713438;1.363419
6.715416;1.364286
6.717395;1.392918
6.719373;1.382505
6.721351;1.349146
6.72333;1.367944
6.725308;1.404242
6.727286;1.42444
6.729265;1.391296
6.731243;1.384466
6.733221;1.389413
6.7352;1.330227
6.737178;1.295452
6.739156;1.304192
6.741135;1.408208
6.743113;1.420854
6.745091;1.415983
6.74707;1.403285
6.749048;1.411098
6.751026;1.457553
6.753005;1.422819
6.754983;1.42674
6.756961;1.383425
6.75894;1.392716
6.760918;1.364526
6.762896;1.3788
6.764875;1.395158
6.766853;1.382478
6.768831;1.388127
6.77081;1.399084
6.772788;1.44454
6.774766;1.42746
6.776744;1.40281
6.778723;1.333609
6.780701;1.283312
6.782679;1.273758
6.784658;1.323349
6.786636;1.368166
6.788614;1.385314
6.790593;1.40296
6.792571;1.40337
6.794549;1.384409
6.796528;1.352016
6.798506;1.372339
6.800484;1.394391
6.802463;1.397349
6.804441;1.391346
6.806419;1.360194
6.808398;1.347751
6.810376;1.320325
6.812354;1.33457
6.814333;1.345906
6.816311;1.33386
6.818289;1.349284
6.820268;1.353547
6.822246;1.364314
6.824224;1.358483
6.826203;1.342822
6.828181;1.350464
6.830159;1.325999
6.832138;1.291501
6.834116;1.261425
6.836094;1.243857
6.838072;1.293422
6.840051;1.327805
6.842029;1.361644
6.844007;1.356388
6.845986;1.318273
6.847964;1.267892
6.849942;1.241804
6.851921;1.293316
6.853899;1.346219
6.855877;1.355014
6.857856;1.334313
6.859834;1.334642
6.861812;1.355497
6.863791;1.334936
6.865769;1.327318
6.867747;1.308063
6.869726;1.300458
6.871704;1.276322
6.873682;1.284788
6.875661;1.303797
6.877639;1.316059
6.879617;1.332969
6.881596;1.338768
6.883574;1.343856
6.885552;1.323851
6.887531;1.286106
6.889509;1.257619
6.891487;1.279403
6.893466;1.327119
6.895444;1.335738
6.897422;1.288586
6.8994;1.280609
6.901379;1.338774
6.903357;1.371794
6.905335;1.360818
6.907314;1.308076
6.909292;1.329208
6.91127;1.33327
6.913249;1.315569
6.915227;1.251166
6.917205;1.221016
6.919184;1.289464
6.921162;1.333891
6.92314;1.35719
6.925119;1.312089
6.927097;1.288836
6.929075;1.295788
6.931054;1.303739
6.933032;1.28934
6.93501;1.228216
6.936989;1.247399
6.938967;1.310113
6.940945;1.35763
6.942924;1.346351
6.944902;1.347044
6.94688;1.334582
6.948859;1.347059
6.950837;1.349181
6.952815;1.395392
6.954794;1.363736
6.956772;1.36251
6.95875;1.369082
6.960728;1.396565
6.962707;1.386307
6.964685;1.343567
6.966663;1.345638
6.968642;1.331513
6.97062;1.385062
6.972598;1.38798
6.974577;1.402611
6.976555;1.388348
6.978533;1.360588
6.980512;1.336919
6.98249;1.301634
6.984468;1.307646
6.986447;1.329257
6.988425;1.365349
6.990403;1.397269
6.992382;1.404562
6.99436;1.377576
6.996338;1.361875
6.998317;1.360738
7.000295;1.35851
7.002273;1.332145
7.004252;1.352705
7.00623;1.334417
7.008208;1.330546
7.010187;1.283903
7.012165;1.26875
7.014143;1.264495
7.016122;1.276014
7.0181;1.312147
7.020078;1.374229
7.022056;1.402216
7.024035;1.435067
7.026013;1.435515
7.027991;1.415056
7.02997;1.360345
7.031948;1.322719
7.033926;1.342769
7.035905;1.346106
7.037883;1.355709
7.039861;1.330594
7.04184;1.324389
7.043818;1.281868
7.045796;1.288355
7.047775;1.315033
7.049753;1.323418
7.051731;1.355042
7.05371;1.357789
7.055688;1.342896
7.057666;1.287177
7.059645;1.338486
7.061623;1.367124
7.063601;1.394603
7.06558;1.348534
7.067558;1.345156
7.069536;1.308028
7.071515;1.298897
7.073493;1.324318
7.075471;1.355576
7.07745;1.380468
7.079428;1.39534
7.081406;1.448837
7.083385;1.447825
7.085363;1.393369
7.087341;1.32136
7.089319;1.276776
7.091298;1.313492
7.093276;1.360245
7.095254;1.38448
7.097233;1.400081
7.099211;1.384416
7.101189;1.344799
7.103168;1.313868
7.105146;1.334846
7.107124;1.413434
7.109103;1.433337
7.111081;1.405819
7.113059;1.362978
7.115038;1.369224
7.117016;1.35591
7.118994;1.39938
7.120973;1.391341
7.122951;1.396419
7.124929;1.430752
7.126908;1.456112
7.128886;1.454173
7.130864;1.373988
7.132843;1.353578
7.134821;1.373196
7.136799;1.374483
7.138778;1.40738
7.140756;1.438089
7.142734;1.482324
7.144713;1.467731
7.146691;1.487333
7.148669;1.463254
7.150647;1.4781
7.152626;1.496123
7.154604;1.560101
7.156582;1.610723
7.158561;1.59888
7.160539;1.616556
7.162517;1.687335
7.164496;1.771314
7.166474;1.902125
7.168452;1.98161
7.170431;2.106516
7.172409;2.232126
7.174387;2.460497
7.176366;2.885916
7.178344;3.821407
7.180322;6.158597
7.182301;10.9747
7.184279;18.33653
7.186257;27.35368
7.188236;36.24043
7.190214;43.0648
7.192192;47.57635
7.194171;49.57243
7.196149;49.9591
7.198127;49.97106
7.200106;49.16825
7.202084;46.76345
7.204062;41.25621
7.206041;33.26294
7.208019;24.69231
7.209997;16.51688
7.211975;10.03643
7.213954;6.000482
7.215932;3.863543
7.21791;2.905668
7.219889;2.439274
7.221867;2.18891
7.223845;2.012726
7.225824;1.934884
7.227802;1.856988
7.22978;1.836223
7.231759;1.82105
7.233737;1.751736
7.235715;1.6561
7.237694;1.571287
7.239672;1.55289
7.24165;1.548643
7.243629;1.512977
7.245607;1.492206
7.247585;1.456311
7.249564;1.441929
7.251542;1.454939
7.25352;1.491121
7.255499;1.470366
7.257477;1.432001
7.259455;1.420437
7.261434;1.459557
7.263412;1.490533
7.26539;1.447089
7.267369;1.409438
7.269347;1.416197
7.271325;1.447317
7.273303;1.412129
7.275282;1.396215
7.27726;1.405898
7.279238;1.406654
7.281217;1.35367
7.283195;1.336564
7.285173;1.367949
7.287152;1.363354
7.28913;1.34206
7.291108;1.291425
7.293087;1.304526
7.295065;1.328269
7.297043;1.382869
7.299022;1.389221
7.301;1.353182
7.302978;1.348083
7.304957;1.379823
7.306935;1.413277
7.308913;1.419002
7.310892;1.427071
7.31287;1.419056
7.314848;1.359681
7.316827;1.302225
7.318805;1.321607
7.320783;1.352244
7.322762;1.372749
7.32474;1.325369
7.326718;1.261793
7.328697;1.25289
7.330675;1.30213
7.332653;1.397981
7.334631;1.414901
7.33661;1.399971
7.338588;1.362419
7.340566;1.347458
7.342545;1.364837
7.344523;1.370058
7.346501;1.372797
7.34848;1.354591
7.350458;1.369051
7.352436;1.409371
7.354415;1.415223
7.356393;1.416338
7.358371;1.368081
7.36035;1.350606
7.362328;1.302541
7.364306;1.252837
7.366285;1.284983
7.368263;1.332769
7.370241;1.35321
7.37222;1.295452
7.374198;1.226277
7.376176;1.246376
7.378155;1.322376
7.380133;1.395472
7.382111;1.421895
7.38409;1.376248
7.386068;1.370585
7.388046;1.371801
7.390025;1.363246
7.392003;1.358777
7.393981;1.345425
7.395959;1.327571
7.397938;1.323256
7.399916;1.355486
7.401894;1.368571
7.403873;1.341352
7.405851;1.271113
7.407829;1.295985
7.409808;1.327564
7.411786;1.381195
7.413764;1.441198
7.415743;1.422507
7.417721;1.41959
7.419699;1.316524
7.421678;1.321273
7.423656;1.320374
7.425634;1.329053
7.427613;1.325055
7.429591;1.275858
7.431569;1.356685
7.433548;1.402518
7.435526;1.452886
7.437504;1.392301
7.439483;1.333671
7.441461;1.310922
7.443439;1.246011
7.445418;1.308614
7.447396;1.324892
7.449374;1.385281
7.451353;1.352527
7.453331;1.338386
7.455309;1.36072
7.457287;1.353734
7.459266;1.328621
7.461244;1.243732
7.463222;1.203569
7.465201;1.233484
7.467179;1.314357
7.469157;1.359529
7.471136;1.364069
7.473114;1.309403
7.475092;1.299201
7.477071;1.281381
7.479049;1.301241
7.481027;1.268632
7.483006;1.291416
7.484984;1.297258
7.486962;1.348121
7.488941;1.366721
7.490919;1.406496
7.492897;1.392742
7.494876;1.36465
7.496854;1.32767
7.498832;1.301782
7.500811;1.316934
7.502789;1.384019
7.504767;1.470164
7.506746;1.483881
7.508724;1.417664
7.510702;1.314942
7.512681;1.290576
7.514659;1.30189
7.516637;1.292048
7.518616;1.310683
7.520594;1.341035
7.522572;1.379437
7.52455;1.335576
7.526529;1.264348
7.528507;1.220935
7.530485;1.219581
7.532464;1.264922
7.534442;1.302024
7.53642;1.348722
7.538399;1.367213
7.540377;1.412369
7.542355;1.376162
7.544334;1.333904
7.546312;1.249707
7.54829;1.280563
7.550269;1.371863
7.552247;1.424215
7.554225;1.43618
7.556204;1.33872
7.558182;1.311155
7.56016;1.344821
7.562139;1.395894
7.564117;1.444541
7.566095;1.444254
7.568074;1.524128
7.570052;1.571136
7.57203;1.54019
7.574009;1.533227
7.575987;1.488779
7.577965;1.509377
7.579944;1.408594
7.581922;1.41972
7.5839;1.465876
7.585878;1.554772
7.587857;1.608391
7.589835;1.516564
7.591813;1.510139
7.593792;1.414352
7.59577;1.36889
7.597748;1.353976
7.599727;1.476813
7.601705;1.666937
7.603683;1.766462
7.605662;1.827955
7.60764;1.923555
7.609618;2.104134
7.611597;2.344074
7.613575;2.827353
7.615553;3.869396
7.617532;6.352103
7.61951;10.67699
7.621488;16.83849
7.623467;23.54518
7.625445;30.28522
7.627423;35.12439
7.629402;37.85852
7.63138;38.7502
7.633358;39.12065
7.635337;39.51604
7.637315;39.10177
7.639293;38.14555
7.641272;34.7232
7.64325;29.04975
7.645228;21.59671
7.647206;14.79221
7.649185;9.417921
7.651163;5.664539
7.653141;3.523172
7.65512;2.469379
7.657098;2.043261
7.659076;1.966516
7.661055;1.812343
7.663033;1.713039
7.665011;1.522821
7.66699;1.583264
7.668968;1.702573
7.670946;1.87164
7.672925;1.931438
7.674903;1.857806
7.676881;1.700338
7.67886;1.591499
7.680838;1.459566
7.682816;1.425591
7.684795;1.306597
7.686773;1.359679
7.688751;1.324922
7.69073;1.400673
7.692708;1.346955
7.694686;1.372253
7.696665;1.409583
7.698643;1.471036
7.700621;1.466963
7.7026;1.431667
7.704578;1.512846
7.706556;1.564389
7.708534;1.573909
7.710513;1.508693
7.712491;1.446658
7.714469;1.502954
7.716448;1.494594
7.718426;1.435566
7.720404;1.334066
7.722383;1.412079
7.724361;1.492627
7.726339;1.473817
7.728318;1.299234
7.730296;1.27901
7.732274;1.214113
7.734253;1.225022
7.736231;1.23514
7.738209;1.27411
7.740188;1.333841
7.742166;1.307142
7.744144;1.384331
7.746123;1.442301
7.748101;1.456282
7.750079;1.428352
7.752058;1.353448
7.754036;1.449711
7.756014;1.546294
7.757993;1.503901
7.759971;1.363449
7.761949;1.288012
7.763928;1.378203
7.765906;1.326109
7.767884;1.313755
7.769862;1.305893
7.771841;1.380745
7.773819;1.445682
7.775797;1.265692
7.777776;1.194978
7.779754;1.184287
7.781732;1.331256
7.783711;1.444024
7.785689;1.401468
7.787667;1.43077
7.789646;1.333419
7.791624;1.289987
7.793602;1.199918
7.795581;1.17546
7.797559;1.208262
7.799537;1.269439
7.801516;1.365476
7.803494;1.326979
7.805472;1.418695
7.807451;1.395877
7.809429;1.436687
7.811407;1.330352
7.813386;1.365677
7.815364;1.272822
7.817342;1.479423
7.819321;1.454178
7.821299;1.469142
7.823277;1.321104
7.825256;1.171299
7.827234;1.205138
7.829212;1.20597
7.83119;1.587086
7.833169;1.702753
7.835147;1.69446
7.837125;1.428452
7.839104;1.384553
7.841082;1.470475
7.84306;1.585474
7.845039;1.463242
7.847017;1.299847
7.848995;1.236728
7.850974;1.208171
7.852952;1.236397
7.85493;1.17015
7.856909;1.072776
7.858887;0.9473423
7.860865;1.030114
7.862844;1.077048
7.864822;1.157175
7.8668;1.319558
7.868779;1.359505
7.870757;1.515058
7.872735;1.342351
7.874714;1.440988
7.876692;1.337407
7.87867;1.428579
7.880649;1.394068
7.882627;1.539753
7.884605;1.581872
7.886584;1.58176
7.888562;1.389352
7.89054;1.515393
7.892518;1.726253
7.894497;1.79846
7.896475;1.877645
7.898453;2.15264
7.900432;2.386313
7.90241;2.036264
7.904388;1.455358
7.906367;1.257858
7.908345;1.436043
7.910323;1.375935
7.912302;1.039109
